-1024|-1024|1024|24|SHA256:97371199e8880ceba23c90cbf66a1d141a613b73bbe6b6f07d8fee6cff14de6e|Skip Samples|1024|0|0|0
0|0|1024|775|SHA256:3b187cfb71bce93fac35cf3116c70fe28580880771ebd32cf34a156ba1259fd2
1024|1024|1024|739|SHA256:ab6203edbff238cba0a64e956aa265cbcca68f5b9bcbb33e34a730a50d8e371a
2048|2048|1024|769|SHA256:14af08cf2576c6565c15b427348bf2f722083aaf28fc04973cd5fc4a26e013e4
3072|3072|1024|802|SHA256:fdab5da09fb8e80e67dbe5ef22e9a6ef7c6cc790f6a69257503e8d337f885dc4
4096|4096|1024|446|SHA256:087511dd4c5e277b0677de84f6b29f4e6d8f3ef7c7da5a4e9b94e62b9ea0d392
5120|5120|1024|419|SHA256:284fb337dd1fa547cc401fa25ee99a9b93f8cd5a5c2d36152cb56dc670e87306
6144|6144|1024|447|SHA256:60974df5af22afe14957716f5c095db246880b7628be7ae60ae8a17f583d0e2c
7168|7168|1024|432|SHA256:54dd1ba9148a8fac758a7b6c9aa13810d2e4e46405ad89dccb3b3b51e946f1e8
8192|8192|1024|273|SHA256:ddd5149cc9ae6aa7507e70a3b3b4f04968b382432e807200577133a10a10bd8f
9216|9216|1024|291|SHA256:49f460269e4af7ac6c4564fea56d89ec45be103ceff4576094991a15684e3637
10240|10240|1024|308|SHA256:a060d00cf91fa8ffd6bdd760a919cbbc43a288fdea594f1fe9473306b89c2d74
11264|11264|1024|345|SHA256:ca9b9266ad6f46f4f2c5173782e8e505ef4513dba23382dbe324978d2553d9fc
12288|12288|1024|360|SHA256:2517e8a9b53b0f9ed1b628c7f1cb4cd503224bea21bb9c9212ac9c2636ab4b68
13312|13312|1024|367|SHA256:97aad2ec9288326be5d039712ebda137854004da9790b9149e75e15d5bb0780e
14336|14336|1024|360|SHA256:68112df92aa3046dac912b1e68356f9c8a97234629adee0244689eb0e84de141
15360|15360|1024|369|SHA256:d8c2e480d03ba8907d210a3fa6202db7cf1faa4f684c7b194f1e925245831f59
16384|16384|1024|355|SHA256:75ca60e7a96eb1d656fbe9b01eddb21685861d3fa3c8725a3a33dfa0d995d469
17408|17408|1024|382|SHA256:58cf886581342aa8928dceaf62830255cca4159fafdfc757d0fffca8fa56ad2c
18432|18432|1024|398|SHA256:dd6d111fd4108ee53f5b402b347531a7bd0cd65653d1fa22db5bcf48781587a8
19456|19456|1024|374|SHA256:76891ff264264a2bef9b01f0b1bf40e84cd8268f392490b4ced3ccde4016ae4a
20480|20480|1024|371|SHA256:a30e7b2f50afdf3fa185e60422c87ad98d64fc2211f82a251607a691bb6766ca
21504|21504|1024|356|SHA256:6150b923cd5a4e477018bce3f57aa053e51c769b22f4847ac8afb38aa54f841a
22528|22528|1024|347|SHA256:b302f534904f42187c73e03be1143428cd65663a0bb68b07afb4ef4e1e078bad
23552|23552|1024|349|SHA256:889a880464aa43f7610dabe14eb8322a5dccc2f7356da32f4a4d5c8d914df8fc
24576|24576|1024|343|SHA256:5ece472ddd1e7a82713e8b412a71c2998ed12cc9568a0a28d8c6614c8afeaa5c
25600|25600|1024|325|SHA256:ef95843efc0af59dde69449703df8fcd58f9d7d8725370d4a8b6fbc02e0d27f7
26624|26624|1024|307|SHA256:1568b804b52f487cb088f84cfcc1bfedc40787e17a8f5d1d2d1d18d4d2782d38
27648|27648|1024|353|SHA256:612f46a222d608f6300899d308e03bbc53e2dd4969f10195965ccebfea919591
28672|28672|1024|354|SHA256:0a9e8e6c3e2edf4838796ad25253dd50a977b32c625cd5786c8e75e9d4ad2cda
29696|29696|1024|343|SHA256:9aff951123bde947b38fc3930b559324c64a377803a4ef4f6a4fd8492b897e38
30720|30720|1024|358|SHA256:aa5a5df79cf1be4f16d83b763714e4b6bdd09337b820b9629caf39a353ef6550
31744|31744|1024|391|SHA256:23ab68b171a5d362d57cb7f0c904ca8468ae992f2f010fa01d311f01acf7fb6d
32768|32768|1024|381|SHA256:9f0eb439854aad1c6ae8ef88f7babeb65f3443600a860a848982eba3447d41b9
33792|33792|1024|432|SHA256:138260ce560d836950cbff3cb4cc91a1ad27c63d98cde2eaf0fe4d1291d9f483
34816|34816|1024|386|SHA256:2e391b1685c15c09c5a7aecbee1b23a5218b46cab06c87c69491f132eaec1ff6
35840|35840|1024|403|SHA256:ebd30ab77039f718c08e055fce3edf9a4a380faaa0a7451b9896ff4d896688a2
36864|36864|1024|358|SHA256:5ce9e7c3d3dda84499133e0919d735e58e4ee06172ed087e0f9fe0e8e3962d61
37888|37888|1024|393|SHA256:4263ad23dd8bc9e298c350bf9e309479625131d71fc6caf92bd43bb9a47f85f0
38912|38912|1024|428|SHA256:65d89b64da1d3662a7509a556f5b0985eea7e4107261cd470711648828518d57
39936|39936|1024|374|SHA256:f9aa3f77278640a68d3b4449e0b4fb83491695a0e886cfa27393b29f45590e43
40960|40960|1024|309|SHA256:21faa82f4405e289a9872a8ea40d9b024702ee612d605b50237cf16f98d20688
41984|41984|1024|290|SHA256:793929c34db87f896e6d717fe5c3fe356246dd1f722a7215332907571e1d5f68
43008|43008|1024|356|SHA256:3f2ec4501b5febb829b75e995b6e075ea1255a70f56d861a94f4f5c809482c36
44032|44032|1024|361|SHA256:d98d2a852f6c9af4c20b3069a349c0c4f038c8bb1a62aaab81e2cead17d50cfa
45056|45056|1024|393|SHA256:bf09348e6dd64ef25067cd91e4ba26bf5865d3b07bed94b58551eb6c87ce9065
46080|46080|1024|379|SHA256:63391a658d5d6e819277091e7b3673bba92f844ab66bf37b0470841a6e85d683
47104|47104|1024|397|SHA256:a2303d22f39351b2e915365a00e9c6350b405fa404c236e326426124da1100a0
48128|48128|1024|364|SHA256:10940fe0d5073bf90e3e149b864f80be91141fd7465b0162756bc423dc1aa97a
49152|49152|1024|379|SHA256:6f10d8417fd266befc6257a29ab342eb1d972392ae12d7ccaa3c4bf7faf363a5
50176|50176|1024|349|SHA256:17a430c89885d5ca0c57132304a82fc8844fabad139264908b04f3e55b5a7545
51200|51200|1024|380|SHA256:a21e88bc63fe965175f87578c7927930c41aa711dc872a555d5d77f94afe99d1
52224|52224|1024|396|SHA256:6ab980c922d24403efe2c522ab1308a993a7b3332f2a323eac6743ec02474779
53248|53248|1024|368|SHA256:42b16136ea83e1db3e38efecd9de3dcc9d7ab4deda60ee148f17931845ed7dc1
54272|54272|1024|371|SHA256:9dc9864330920d31fb9677ec07ddbeb617498b8542950ebcbe8ba89246ab291d
55296|55296|1024|361|SHA256:c03a12c3543bb35d48460065e4cc9f6a5d5fc2d5ce51bfe8e3f2887d104ce6fb
56320|56320|1024|381|SHA256:af9307d6cc0d9ef1678bd479e69f38261ad542166c294902fa7efed5f268daff
57344|57344|1024|379|SHA256:178c01ef472a34d513bbf947120b698af5c39ca41940d69a34a3bce91e986d5c
58368|58368|1024|370|SHA256:58fe818c123c29bae846ed34ef16af21c705021aca670dd1aea212860a9dd00d
59392|59392|1024|378|SHA256:8603cfb8acce8230f74863b01b7463dbd192d9af5112a8ae8a004872cf60df4d
60416|60416|1024|455|SHA256:5d09b25e4b853ec0bb53931576d24ec99ff0999448c4acc8312ad953ac142c47
61440|61440|1024|400|SHA256:19cfb1cb8f379e31673a5e1d7edaa5a6752f2d8aec7eb9cadfeb4d9dd8a74af4
62464|62464|1024|413|SHA256:09ac4d31d904c107c23564bb906f7b6911e88d0c3ba287ebae4c0720afcbc435
63488|63488|1024|399|SHA256:ecc580540ba226f4aaed5de3cedda1c8ead6b140d985609e7e783106bd889b5f
64512|64512|1024|355|SHA256:9404e056dd1639b3dec6d0ac825ddfcac6e84fe656146ac77f0a2943c4884330
65536|65536|1024|347|SHA256:2e0c6ed616da9b6853d54b3a032d50cc5cce59464fce66c249575ae0bb6fa76a
66560|66560|1024|445|SHA256:3e6e6dbe69b41573faf84102eeca749f2e0be6148c3128e01f397c305f756b2d
67584|67584|1024|377|SHA256:0b961d593eb756c13dfb52999d7b055f98a629e0a573674a85cc8f9e9da3fe36
68608|68608|1024|305|SHA256:f328fceb2516e479a7296c3ad9c3482c6d1891f120836603b7ec738411b0748e
69632|69632|1024|333|SHA256:a6242004bf5677447bb5d55f4452f2c0e2faf5762e6b397d92d13643876801eb
70656|70656|1024|358|SHA256:fbf0a3067156cc2952cd415b45a0e7de74473ee99cdbb5fdcc00b0179ce9dc16
71680|71680|1024|346|SHA256:07f2427c6ec896b6265e30fc04e8d6723385e2448521538231c71880714cf136
72704|72704|1024|357|SHA256:c7c22ffcece03a08d6ffde3bf80fd479a9fae42a31a91535eb6b194597f3b0ec
73728|73728|1024|390|SHA256:4039d42e5ea3d9605ce20574081dc0630d0b01acbf587b4e2ea8767c51f04b38
74752|74752|1024|413|SHA256:9916d0429bd8e62388b28eb8f4aa3ae9128e24e700846c319ef628ae70e53bd6
75776|75776|1024|388|SHA256:26b944f976c592f6357d9be50b19352219f9ddcc7c65be64312d438dbaf7bc79
76800|76800|1024|395|SHA256:83504831f721e3a3670b26b4e7d3a65316298fd5cd3c1064910393561869227d
77824|77824|1024|407|SHA256:4a05517902331b8631893f09b4431aac284f62b05016da88ca5b0549caaad354
78848|78848|1024|421|SHA256:ade42427eeab799a101ba95a8a66b97257ef9e44ba0c6d379733f3fc70e7a2ba
79872|79872|1024|362|SHA256:e4674c192afd9bec446f66ba6b3281f759765e58ea6e1482bf460f46d6906116
80896|80896|1024|394|SHA256:60cee3e79764c9a402c15d40f2b91427a2a907d8dff1326be5e95194fe7cfd51
81920|81920|1024|345|SHA256:c8cf0631a54c7623726809166d6ed286303e07bee22d997992235dc038146fd5
82944|82944|1024|383|SHA256:fef0fc8ead3ac684e5fcdf9d1f319b97522245c55bb56b917147d73ad93329f4
83968|83968|1024|392|SHA256:76d2a11ef20c7c03f99c2330b7e417d14c937ba316a792299c79eafb4675bfd4
84992|84992|1024|379|SHA256:8d9e2f49ce637d2d61e66efc386f47ff3259bfe7a09c58c30e43a138345f15bd
86016|86016|1024|376|SHA256:a49c4421bbbfccc3836ec2f43b55a9ba8aba7d699c94bb96a1b35eb88a6af7ab
87040|87040|1024|377|SHA256:8f20ddcf4993c93d8a58cd1e7a232e523099442409e2645ec21a68ac7fc562d2
88064|88064|1024|354|SHA256:c5cbd5cfda3e43286e4425ea8fdf49c55608fa88c7ec7d636e8e80e41b040202
89088|89088|1024|361|SHA256:f6e86061fd2078f6f34eb9beba72ad7afc828cfdecfb8672e1215c317795bc2d
90112|90112|1024|388|SHA256:e4851b944cf505409563728af9936d7c1d3cda41b577ee80ba5b35e5a24efffa
91136|91136|1024|389|SHA256:22beabb45cfdd26be7f5f15ceaa4de0e8e12ff124b0c3b41b0013fc8a1d8a001
92160|92160|1024|366|SHA256:c802e3de0348c1939db7ff0d48861e8d2c9455d2b352c708a1f0ba4dadfa46bd
93184|93184|1024|363|SHA256:12770bcd802fc2ea1c186e7153fef28d5926231cc2d8b8baa1bffc07582c5c0e
94208|94208|1024|368|SHA256:b79851660e7562c7be463f55d815929e3b894213d4c42b1527652e092cc79ffd
95232|95232|1024|370|SHA256:f08c47843d48be365603357525dde0e404efa715e6b2e12eb31c59d4ba557b8f
96256|96256|1024|366|SHA256:98674b13bc2f75442258dde2aeafdf55ae4f1433b02997064cb36ff5d16d72a8
97280|97280|1024|360|SHA256:af18e63e16179eb48ed5cad099cf12538cafa5969ef72c9beca09ca9a00c7efc
98304|98304|1024|385|SHA256:ae9a0d0e4ecebca30ac546f3fa306ea0d25ab2208e1b5a8294abd4bd8fd13fa1
99328|99328|1024|378|SHA256:c0fd122e0fa7d51eb93767fde20193789197f37c2a76a675125fc8bc7691e102
100352|100352|1024|371|SHA256:078587b02c317cfe744b135194e182f3dd6b665f3cec1d80917ac7b09f00a313
101376|101376|1024|373|SHA256:b9098e40cd04e1d283bd9ebad0c58f96f4cb841756f28c2b6d3cf92c628eccdc
102400|102400|1024|360|SHA256:92d822b055e1fe73b372c5f6cdf3ceb0b5dcfedbd9d22cac8ff40c4f6c277068
103424|103424|1024|337|SHA256:c8e5407ebfcb4df23ee0b2581e4070dbcc1bc297159edf019aff152d6623762f
104448|104448|1024|331|SHA256:31ad7333558684e05706cced1886bc929830767f0b586b86bde5b4e571f43939
105472|105472|1024|383|SHA256:a510ea73a999f5e0d4c64a730f8b502b4bb3d44302a0723a53b0b2a121264d18
106496|106496|1024|379|SHA256:b7b1b83a6b2757499ddb30cca210dcddf4b23665da646f76a0984f9518f58c38
107520|107520|1024|365|SHA256:9211d6ce8c72636f990f734727de2c551559446483853369234a5a4b8b723230
108544|108544|1024|384|SHA256:cdb9e3e579d3fabeeb1453f11657503c31fb3363867ceccc2d78db9304999169
109568|109568|1024|366|SHA256:1712bfe3a08d1b8007c57dd00985dc99f345dfd50c9d188915e64b0730a49728
110592|110592|1024|356|SHA256:ef580401654ea767b807d2de49c46388c0ee4a3701627699277127b15d8ccfc2
111616|111616|1024|385|SHA256:a3b774e812a39fb0de61d2a363a87fcc23c1c9a49eac952314905fcc9dd2363e
112640|112640|1024|372|SHA256:26e73ed75ed0d85bd85534491e660e447edc1e1a775c2eba604b952950b37e42
113664|113664|1024|379|SHA256:a01b0c98004e2ce56a35c142df59b0c7ca8c5813ca5b8cc94fe88dc53cc844f1
114688|114688|1024|396|SHA256:40950363f6100c075f3b3a3c439f78a545e994420e19785ec590bf31137a2e93
115712|115712|1024|381|SHA256:bcc5976eb4f1e75353f92935952e2f210e0db3ba886ef83d2018f8d5c888f4fd
116736|116736|1024|399|SHA256:7494f805f6da828d3698fb4e0805f1dd71aec3b59a979eaaad5fc4c5a8559adc
117760|117760|1024|369|SHA256:97caa7395042506c12e54f340f394579f5f795be6aed7a3d62d89fe3aa873df5
118784|118784|1024|365|SHA256:7567eac0b1fccd2e5e5e675a8eeb10e55fb2d921ad503c0504f4c63ae45d98d6
119808|119808|1024|389|SHA256:34296005134324b97f9e922edcf6c83c498364a5d9b0c8bd6af3bf2baae67c88
120832|120832|1024|329|SHA256:7ecdf099d03de59a6c2ca9e0be5649d2e233b53e19d26084843a0d43fd1010fb
121856|121856|1024|367|SHA256:3d35afffd4f9e73878c657712653c8f64f2110767d39dc7c6694d5b858916967
122880|122880|1024|382|SHA256:f782bbe868ce2ef556152782fde23adb9cb36df1c37108ebf613e4c98ba5c7fb
123904|123904|1024|366|SHA256:af73a7c4c2fc2f1fda64dffd972bd737662bd10e74878999e628d0c629ab0650
124928|124928|1024|359|SHA256:ce8886402988a4030d9f6246aa2af5ed70e71c7744ee034709574904c1509f7e
125952|125952|1024|355|SHA256:0b2e788706b5e734588f7e3e18e0423b136321cf45b010769743d602a39629fb
126976|126976|1024|388|SHA256:f3c0c61d36cabbde31864c3bb08623a822f413f3ed5e1423ab3bbf5faa051431
128000|128000|1024|353|SHA256:b061f6caa3652705c5a1cd514c9595922801b176cef6b6dceffc07b583d4d684
129024|129024|1024|385|SHA256:ade3e813b51f168af51e01cafdbc79bbd19e83c3a76778303c73918039b12040
130048|130048|1024|372|SHA256:148b06e0bd3794e5ae8058180c73f72a214c4229dd7a3fc589a3421d51c892b8
131072|131072|1024|365|SHA256:18ff3362051aaf18b06657954f7bae03f52c38f749d1559760795a5a4643f0a4
132096|132096|1024|367|SHA256:afb1aee20268bc3a89dc8aeb8b21e03d91672c4792f5779e910b1faaafa5f371
133120|133120|1024|386|SHA256:fc2b4cba0197c834f7f273e353f05d5d226df47459bb1054a0a5cc413691324f
134144|134144|1024|389|SHA256:7bf7e48671dafa32e4450c2b2b2cdf85ec159d0c0102c1ce786d0dbd047029d8
135168|135168|1024|363|SHA256:85cbf899e9cd73488c1e53f63287c79bc26fbc89636a85469ebbb56ff538d736
136192|136192|1024|325|SHA256:312b8f93b802757f63c19968dcfc6d7d313c7e02b35e02704504c312b6a3492d
137216|137216|1024|334|SHA256:0fb5fc8af6e539f2d875aed969d0a9b3272856a182385b96631bad8399a2d922
138240|138240|1024|391|SHA256:dceec5826769cbe93a56f550704800ca4b2402f29ed68eaffffe7ea53e7aa775
139264|139264|1024|362|SHA256:cfd464dcb207db63fa73a69240a06e2015672ca738cb84609b11f8e6b0024054
140288|140288|1024|419|SHA256:958983410d7bee930c0532399badcd5b582f631214d12a91bf189793cc5a4066
141312|141312|1024|379|SHA256:bd77f4d864cb4627cc2417e411c083ff530d11b64b213ff3beeb41f7e92ac641
142336|142336|1024|404|SHA256:ceeab53ea2f5528c72f79aa7e5837b4f878ce6ef2f23814dd6bd42c1e28b94bd
143360|143360|1024|380|SHA256:f49d490b52b4649414627042a3d8a30088408ed31b526fa36c1a629dca1770e7
144384|144384|1024|335|SHA256:ad7c6159929cd8bd329bb670151f763fbbc0399b0ea28b4ee95891e4ec4f8a45
145408|145408|1024|325|SHA256:e3baf38c514ce9c40eb743b05c5e16f2fbbe068f0af1d59b38e6fc1e22ea94f1
146432|146432|1024|374|SHA256:ad6266c1be83fb4375cf2b6e8f657e3298c31dadbdc46ee19354d729129457d5
147456|147456|1024|371|SHA256:cb60f8575a7c7dfb2fa946e77f7b22d0a866c531a46c38d92830e1de232615df
148480|148480|1024|401|SHA256:564a2167e0fb7d63f187f278c083720afa4af96526c08f79869b6c9bdfaf186f
149504|149504|1024|429|SHA256:d1f0add128b8c6d3569de44f013b8b498e6f2296c7b0a59d9c83362dbe41d5e3
150528|150528|1024|351|SHA256:be9ebbb107c9c3918c5369df0cbac166b0c80f43dc41a71463874e2977842748
151552|151552|1024|350|SHA256:f665b5a80e67f394f370d6ebcea26db2571ed6f977ec4b17102a0cc33eadf625
152576|152576|1024|383|SHA256:cf0daab242ee3b35428506c906ee5d4d3b3c6fbab4529f29f40e9d3ec07154fb
153600|153600|1024|394|SHA256:7111347d5d2f12732ee1865dbe1cbb05c20f81bc8ded1d426325c9faaa7919a9
154624|154624|1024|350|SHA256:600ba217d58ee66d3333d0ff4e5bb48c6d033b9b160bf151b2a35022cf2412e5
155648|155648|1024|330|SHA256:796b7f637d85ea9d279f1625266e03b83d2316a2a8ddf805ebdcc3a3b81137eb
156672|156672|1024|375|SHA256:7719e27119c88db453353ea57868327331a8d3188a8fa0106a8f80e52d8d1cc9
157696|157696|1024|369|SHA256:02b4ec41e2d09612cabba7f368cdeabb9c7f1faf335d509e1518728165006635
158720|158720|1024|402|SHA256:ea311d2b447b12f80276e49bb8d7bd235caeaf3137b602dcb339e16e0f53cb80
159744|159744|1024|363|SHA256:0dd5e7f91d6fb1fa062025ab14ce2a94d32f92eed2f73b9809d8737db3a707c3
160768|160768|1024|337|SHA256:7bf88163c03657267439cb63dd4f5efa8f4610ab32d916c9aacef63a85b9e0e3
161792|161792|1024|322|SHA256:63260d8a941a85f872f98c59e9e599a5529b304e5d3efd7972fc4d8611b85e27
162816|162816|1024|356|SHA256:11ce51f7a97a4294f69b6a6c9e057d64732c40f1c03d2bc4bd9693f5276749ff
163840|163840|1024|401|SHA256:21e02984e27ffc0eb4b84fa5cf48716fd0624ba74b06dd78168239e6012a04f3
164864|164864|1024|409|SHA256:00c3017cf1e70ee500d074465a3d2863d95624d327633e538cbeb189ea1c661d
165888|165888|1024|396|SHA256:0d7d7ae3527194828b1333f71d8f68ef7b3dde7bc0730ee9d49e7378513fac9e
166912|166912|1024|317|SHA256:d7f00cab4408fb85c7935816318bb7eadee877aebf43946b99627c9d618dbd09
167936|167936|1024|410|SHA256:cce4eb81bd757632122039d620f04ec980e28e4cd0906a1ae983119ce7d3a295
168960|168960|1024|401|SHA256:53d4c466b8bd8668e59aef241d23a506b918fdaf7584f39aa8db241965d6d7e2
169984|169984|1024|364|SHA256:5d11d60407e13ee942870362f8c0efa8a5fbaaa24364c22dceaf8d3b360350dd
171008|171008|1024|403|SHA256:f2fda75cd628daabb97b7d1616d70b759157a856e0ff729f545bcfc5624f1785
172032|172032|1024|396|SHA256:82320744c050c2bfc3d96907fd767e9eebdd9c4bca94b0d8467a1937b8e44a17
173056|173056|1024|343|SHA256:fc117ea9b11fef271df6da7769e67b535f7f0069a55c3aee938974b23513ad7a
174080|174080|1024|386|SHA256:6bd512f131beafb4198796d338626bac6bc2f5726ec996a4f6d9270afa6b8568
175104|175104|1024|369|SHA256:0a7d2a581b067cc4c89a4371a7dd7b1c98b65873c48cf9d7271d92b8ca174eca
176128|176128|1024|368|SHA256:8e6a5f162248a1da14c7cd6bd0d797d1e6f9a0f5b94d093c193dfbefcd3cf7ed
177152|177152|1024|391|SHA256:e0c763575d6bab40b437a36a21ccb9416dcb1f5d668ef94a8a5d3823bb16b2b9
178176|178176|1024|367|SHA256:fa982da774f7db6f74f3c5b1e409e4440e29e318359dbaacf0d1089ec281a97a
179200|179200|1024|374|SHA256:491efb8c05407c3c8f112a415fe4523c4a9a6e405fe88e1dc4db6737c4ec259f
180224|180224|1024|373|SHA256:afca5854a3378a361808859700450605d4f0bc8dc179e0fe770440f7b0f23a8a
181248|181248|1024|386|SHA256:a07cf81f20d5b11440e2de91a052b2584449a0f9d17bb3ae2d8726f8188caf1b
182272|182272|1024|392|SHA256:c50c26d38e588735d298d1a0c5c520bf145d764713fbfb9df140a73d2b2c4d4c
183296|183296|1024|407|SHA256:d17db5e006bdf04290df9e2d402e6d13e49c640dd54fc9bb6492de34c39d3616
184320|184320|1024|377|SHA256:f2d27c223c518f49db0e6368e603be18b27d649225faca4c8716190127072a5b
185344|185344|1024|337|SHA256:dbeac478cfcf2b25de050b78e1f460cf0ce35b45f19e2ae72a917e2f1c786b1c
186368|186368|1024|365|SHA256:0957d7029935e98844805322ad11ac8cb64c83b9df78c523e3a1792700e34da0
187392|187392|1024|375|SHA256:4d4a687cdd58db05f4e5840ce4bc2c02e3e1d3273d4fafc2a4452882b3560101
188416|188416|1024|345|SHA256:3bad6b7789b76a34d6cecd77d5e845cfb5a81a42e598721d6085469d45d7e555
189440|189440|1024|337|SHA256:fa4f109bba97dc3e4ae6e769dd6a8f94b514e4de772e5fa16a0a2e923fec223b
190464|190464|1024|372|SHA256:44e51c3ea410a5e201635a10f743c1ccd7c29f59cfe8f12aff1611ab9d12dbec
191488|191488|1024|405|SHA256:6656b6796796433f0769827083af6b5214d40ef1030195c1f803f2404495d1f5
192512|192512|1024|383|SHA256:a75a993210e866f1f82278d366903de05c386c0363d7de1caacb89a493ea20c4
193536|193536|1024|385|SHA256:a2f801104ba70f8a2e90ccdb23b4ee10b8f702e081ac73cc4dd73aba58f082e9
194560|194560|1024|359|SHA256:7a81caa19dffd39ddfaa08182606d1d4e47e4c42603aae90956d41e9b31db94b
195584|195584|1024|373|SHA256:870a59dd2de123e60382e12e557af09b243359b21545d8d571a56cfe0ec22dfd
196608|196608|1024|370|SHA256:5c4f045ef8661f51fda29a1be97e52e432c285b93b215cbfcbdcb0296fb65fb5
197632|197632|1024|394|SHA256:87619c4c88a6632c857754629ac91b0f2d6a4d1af9636b53a40025c6af8218ac
198656|198656|1024|323|SHA256:e2e5ee1c120e53296718b0ae7e67bfbe08cb2f8c7c4d711c892af0ac44853bcd
199680|199680|1024|382|SHA256:1dfdd1cbb60d131eaf3160a12de568e7238f8dc6f706a611819e92d649979b65
200704|200704|1024|388|SHA256:d2e0e5c6fc77a823f633f9c69691ae7156e680d5ffe4b0d8d1da9105378e6ce8
201728|201728|1024|356|SHA256:5c5cdd5e891124a3c423bb54729306e39309062eb8a6cde2ba1c60e0807b84e0
202752|202752|1024|365|SHA256:89431dcc916b547d375cd3d36185c384136a67f40717b5fee5eee84b0d25e06a
203776|203776|1024|348|SHA256:9bf9a3b4d2b0538f757f3fd396c63395ed97b00cd0d1a761ba8f10c24720d413
204800|204800|1024|379|SHA256:f35489e6a7529f85def42a15a7bf6f665851aa0a33c80991d4786c44c9a269e1
205824|205824|1024|462|SHA256:9fc6e54698d8d363ff2963f67996ac0b165a24aa071c956fc10efa14962406d1
206848|206848|1024|363|SHA256:d591a4ec16fda3e104580e3c730f6624970885860b0351671b242bcd4de0e009
207872|207872|1024|359|SHA256:7554db976321ce796059c74e1adcc0030566ee14ad36367df62aea4187ad6a35
208896|208896|1024|375|SHA256:8498ee751eb388fc5a503bf6851aebd428c079ead0a3398d8d6dd2b86e3194f9
209920|209920|1024|386|SHA256:c29cf2131f094b75d4c78b3f50c192c37fe4adaac04e069b31c21dc7527d5241
210944|210944|1024|363|SHA256:c5d1fed69e75349648ac29b54fae382175d8d675212f3c1932c8084742b71456
211968|211968|1024|378|SHA256:d2b392003def30fecbb94f5274988e2aaa30027c52e3bc80044b77f651be96ff
212992|212992|1024|371|SHA256:df311ca2b3b5cfabdaa66b300a8f692e8b6092cb9b68cfbc3c05d4d082959884
214016|214016|1024|355|SHA256:7de710894a3e23e02876bc70e31de32a173b11964a88b943fce2b253aab1bd49
215040|215040|1024|375|SHA256:04bcdcd0708f3059362e63f08fcd0e5a9a816147572f0a84b62bf3e62f1e1d17
216064|216064|1024|387|SHA256:75199a0d16b05d0bdc174a12d7c708f584b971db84c95346927a7556dff9e344
217088|217088|1024|386|SHA256:1931633f66b67bfd145d142b94f3728980fd3a2d9d5b976abcf27c4045a5501c
218112|218112|1024|359|SHA256:9501888b82652674c75902ee58be3d0e47aeec20adee53b627981c0eca00d69e
219136|219136|1024|377|SHA256:31fb7b01302d726191606e7987f8ca6eb5fe31cc1fef2adb0932bdba7fcbee78
220160|220160|1024|397|SHA256:71e4a8a9eaa7b6e55a98bf9f623a66370ed7c909c5f38e156bdc3f76d838a8c1
221184|221184|1024|347|SHA256:a9f26eb69c1e60832fad6f88c9b8945fc5ff671ec945647ecb105b91589fed49
222208|222208|1024|344|SHA256:a3b56c6387679f02c7eda237711d63692df5c0d1fcb93413bb35cf42309307a1
223232|223232|1024|333|SHA256:b987187a20fb45326fb393528e942f2748edb07f3e9e4cabda8a787d2a8882dd
224256|224256|1024|389|SHA256:0474ca6477909416fe29a9932730a8a1a3f786126ea587e0cd53e4a7c77c1231
225280|225280|1024|327|SHA256:560ac659cd28e996d0377500b27cf6e09e603f125ea2458b55644507e3bac776
226304|226304|1024|410|SHA256:bec4b38e76a8a8f1d37783b9f9c1203b64f3f8d9988df72b8149e74ca55d2a8c
227328|227328|1024|406|SHA256:1fd01092d0dd40daba7575fb9cc358ba5be3b7a3b0c60670765ddb7804b5522a
228352|228352|1024|360|SHA256:af420cbecbb75b15e31723f24d9d560d7e57b5df853bc1df78dd79ef945a1c0b
229376|229376|1024|408|SHA256:ab1d5e7951ee0f62ae522de0647eda9082f8d75fe89ca02e5a56bdbe62bff95d
230400|230400|1024|375|SHA256:64cecef97d1bc33a27a554d32ea20977b2cf0aefef2ccecc32081ccf76d9f09b
231424|231424|1024|354|SHA256:2e674a280029a83c811d4826c5459bafa58a8ba8aa91d1009d6d4a5153c11a91
232448|232448|1024|383|SHA256:95d91f1467c47d72949a089ca9a18ad0289f3d85c6ec4f4ed1130af3671f24ab
233472|233472|1024|371|SHA256:630b6804ee3156419d7ef6d7a3c8532e4b35c70904f84fc339c2e08d4bf7575e
234496|234496|1024|324|SHA256:a1aef5813e469e7b4245286ac3358052627da5a6ea6650dfe91b91b76ed05552
235520|235520|1024|334|SHA256:a87a94e31fa9ccf1fe2fd204b071ffae1e42f169a92610dabebbbf054c8beb5e
236544|236544|1024|346|SHA256:a468b9431f70524f597717b4b5a3e6f6fe2c0682745c9bfe6eef6b72ab3915c0
237568|237568|1024|376|SHA256:64e0ff6f6acb1d09caaefa080deef5f1c9ff67d4225c46bac1e44a64d3e000d5
238592|238592|1024|374|SHA256:c6ce59bf5353186d69fc5f5bdb23ebab17740567a2f00f44b9d22aacdbef278f
239616|239616|1024|380|SHA256:dc1b4eb9bc6de8f4b83345b425c365cc84b21445465462bc92ee9d55d865c4e4
240640|240640|1024|381|SHA256:a28f60473a2e90c49860e820c991f39ec31d83b26f231d20364879f3bac018e4
241664|241664|1024|417|SHA256:37467c180e0276ea2039195e86f1a53738c9cc792c8f9e78c909ed959dddb867
242688|242688|1024|390|SHA256:5ae1a3837a115544b8b7cd46aaa951c36c8bda3ddc963a1bf17073a707f433b1
243712|243712|1024|385|SHA256:0618e5efd895b1cfdf682972c4faa7e5ce8959e1b50119c6076c5f22ca06438a
244736|244736|1024|372|SHA256:80a57527e71e54c7b8f4aa184a64a5f78461ed6ed27a8983c1dee822b03bff6c
245760|245760|1024|384|SHA256:b7a9dfed2103dd65fcbea8c2fe562f36f1c384608078edc1062dba85d75a95c0
246784|246784|1024|386|SHA256:2178df82faeef66b8d1379574456c2c8c895e08cb037e5e7f4a4d3c4d168d75d
247808|247808|1024|339|SHA256:cf08a54d1ed3754e19ad708c86bcbde51c929db823fa729aeb7fdd9e1bfa0822
248832|248832|1024|410|SHA256:e54b63d9d6b2cad5c6f9b0aa146b661d30864058ddf0f8812dc5fd0c474323e7
249856|249856|1024|340|SHA256:76fd8c352e16a6a4ec713b862133768fb162cbe0e542530e9f0ed90d5f9cfca1
250880|250880|1024|404|SHA256:daf5d81d5ddd3e2c8fe206d05e6aec069c414cb69460c8e81c1bc3cdf02b8c3e
251904|251904|1024|353|SHA256:2a14d3a4de7f0c5597009fa6db29b5335053f7ef4feadfd423b2f90d2f1b6c30
252928|252928|1024|394|SHA256:11636a7df91d7335eb3dc0110d013b44122442fdaad17313d17d12f62549fc7e
253952|253952|1024|344|SHA256:00b2b825ccf030602110340ed7ccd740b4d63b9061370d756fb6ecc55005c1c0
254976|254976|1024|367|SHA256:ca2420efb25412fd1c69bbabd30205ba3eb3d50b30f943af4ae4701647b7f2e3
256000|256000|1024|328|SHA256:f08cbe89b4d1beeeb90ed536b614374e7d66e1b8a3552ded4f2fa76a08e65119
257024|257024|1024|380|SHA256:666a3c911cda0c565d21ea30850f9e2350c4a3240eb57921cce8cf2d37a53f6e
258048|258048|1024|367|SHA256:f73bdb67c053be5e59739e793d3735a5b680a92421e209ffa8f3271651851ebd
259072|259072|1024|447|SHA256:ea7b65749770a7e9c1f3cd4e1e505b3aac31b7671213ebe685d145aff33aca90
260096|260096|1024|364|SHA256:551fe1ec0063aa509f06466009ccd7619cda0a9a37d7c4d705a99fdd0b934c9e
261120|261120|1024|371|SHA256:5bd93c0036ceabecffc48146c8f12327defd71f619a0b45760518ef036ddc4d5
262144|262144|1024|377|SHA256:588b0f178a39e1c1e45a82fc87622f2fbd00f303d09050c43ff1305d88d2aa38
263168|263168|1024|340|SHA256:6fba983e0f86e7c822812779900bdfbf7016b21f12d2c3622070161668bd3c89
264192|264192|1024|400|SHA256:68a6c92e84031eb29a4c7917f9f1706a036e5fe58bf127a27550cc6d5e40436c
265216|265216|1024|371|SHA256:629fb0d8b4ddb159cd0f97b813ef7998ce4e3250b9ad41cbb8ac6c52e4f1fef8
266240|266240|1024|372|SHA256:1f722f16531627d97378e8c2e7899a5b35708d2afaf7dc2b1c5189e8f3510e3e
267264|267264|1024|370|SHA256:89be684127eb48947ac580fa321931b152c297b24b264b838396c1bcce973555
268288|268288|1024|367|SHA256:679fbb374c0847f39cdad7630652fa31016087412d177e04553ca16b5e530ee9
269312|269312|1024|360|SHA256:10481c3481f99de42432290de0814cc8974cff043eff2fb94bac63f8f0de1d60
270336|270336|1024|350|SHA256:ce55c92c80383ea2a9a102c25ded2decc2104c9b823f84dfed4eb837cffad9c7
271360|271360|1024|387|SHA256:c5dcf9643a661a83bd2d0d83bbbd73dfe724e11f8460317ff079a3eb9d4046ba
272384|272384|1024|373|SHA256:1254b1ab3a37b357c8a2d6762a475805b590d85b1f37e289eebb4d851e3ffe6a
273408|273408|1024|372|SHA256:172e2c27b921ea8b8eea83288b35f70015e75ddb63e3432076ab222b8fa02e69
274432|274432|1024|378|SHA256:871a0b1586a9f63babf86dd7d4b5851778418a31d19ba647f5fc9afa4153af84
275456|275456|1024|374|SHA256:128df3b586a7b7945c38417ce5aa72aaa0bcc392d3f1672851fa46b9ac937f5f
276480|276480|1024|367|SHA256:a5443f8d4bb1ec9c443e37d1bc13631d453e4156738a0c01b3868c37ae25032f
277504|277504|1024|365|SHA256:03987c2c03f4eddf50b7127c3648a28dbf1e3391a76e61d79b91356b6fc907b9
278528|278528|1024|361|SHA256:1ec247d414bdf5fe8b7d1fa23bb7effabff8c396f2ed9bf13a551ae98e07d8a8
279552|279552|1024|397|SHA256:b9d3fafe5193dd1f7548230204d6ca406f122e31d2f0d03e427be59ddf4cd54b
280576|280576|1024|376|SHA256:b06061ea08532e02eb67013f8affc849c3dc3290aeb113bbed5772a2f2fc89a0
281600|281600|1024|387|SHA256:b36131d58b6b0e7f600ec7c6222d2cb4bc8d78bdd75d893d409a65db66ed6215
282624|282624|1024|371|SHA256:c8095806e6d0530d5fda45ae667bf51097c5b3844823f4545f998a5bf87930c7
283648|283648|1024|334|SHA256:3414c158349e2583bcde1b7f243746db0ba3406b761d9894a25adb4bb835594c
284672|284672|1024|382|SHA256:55b5d1d27cb354542dd3ae8dfb7be462626b25486210b668a6ed7abf158c9582
285696|285696|1024|399|SHA256:15a46be2a034ee8be07177eb7a967fb8b996a66012d46e44daf5ff18cd770e9c
286720|286720|1024|352|SHA256:4ad6b56368b37e0e0c6c8af79e78ec580e6e60188743d1010e810fafcbbc39a5
287744|287744|1024|360|SHA256:553fb483cfdfe503050a3147c4c46a84f3460ba43ac7b0c41040a34513625d8f
288768|288768|1024|347|SHA256:e41f8831f015403288fd604e61c09f898496d81a4a4280a86c1441a170e7e927
289792|289792|1024|437|SHA256:be6facdc6593466be2175aaf04793af079533df4db24a50aef62615106c56ef4
290816|290816|1024|342|SHA256:97eb7fee6f8043de106d0a280fb6e2619cc1fffd8bc40a01855f4feae95bddd8
291840|291840|1024|384|SHA256:e23840af5975029eb535bf9732a75c8d55258c78753d43a3e9b9266d03d3eab8
292864|292864|1024|394|SHA256:89f51d86ece1da50b9ae9c70374ca8a5c46e4498659d18962e5f96819b4555f4
293888|293888|1024|367|SHA256:ccfbddae279d7d245882bd540f3b37a623b7b352fa0375f9d00ddc156a26b6c4
294912|294912|1024|386|SHA256:cb6fae1ae1f60d21a8a12ce48e52393c0d5232a0496440c50981c401c72baa02
295936|295936|1024|374|SHA256:f0e8c3b55cf7ffdd459deda6e1a8a88a01e2b5ac1a42553ec999b04abe82c341
296960|296960|1024|358|SHA256:7c4162818ffbec3f4926d7faeaa61bca96bba01faec503ebbc6ac1238c90eea2
297984|297984|1024|352|SHA256:5dd03882016fcd9fa014d61d1d581ef06866a500cf3d5816c03c6c6e5af29fed
299008|299008|1024|375|SHA256:e5f5b371fc62b94e7fd259ade671c69591fac6ae3f8702cc98e74bb1802b00ad
300032|300032|1024|297|SHA256:6f6e60a6c94c707cb8613a75560f8d2dff0939b3a7ad254dc3c2b3acfd6427f6
301056|301056|1024|451|SHA256:5bc6c616c9710df5caa0389ce893a5b0ddc566921e5e705dedecab60f9da65ed
302080|302080|1024|418|SHA256:e83cbffa9c127a54f4247d7fb50e668af82eee20331c8085aa433954a352216d
303104|303104|1024|371|SHA256:83bbba2530557ac6e4a453186a114c93ace29a4968ddc4ac545bbbaad78fa9d4
304128|304128|1024|376|SHA256:5137e4f6a2b34b2f1291fd8af70681d1650c9942169cbe71d32297eebb832089
305152|305152|1024|405|SHA256:5be8ffb9282c23d5684453ed9e1e703d49e78f4bcf2ad4feeadeb57ce27ed3f3
306176|306176|1024|372|SHA256:0c7732dcfc02d930954d1870462af8e87b80d941e46b67968e2c03cdd7f4983d
307200|307200|1024|338|SHA256:8b5cb6d69c42de8be3bbcdb5967d03db71402d036e9ba41d8fc28ffd0099b2fa
308224|308224|1024|420|SHA256:db01f9ee2c59b0b846bd7b20914861c50e5f290030073e26dd2bf9d7816dc1a3
309248|309248|1024|396|SHA256:fe770ae25c5cfae8275818167417a3ddd891d778fd932f3b83e0b9b1b604cffd
310272|310272|1024|385|SHA256:7799baf4937f14d371974aeceab53ee2858bc8a248d7cefdc2fc0b59b3d175d5
311296|311296|1024|363|SHA256:9e9614a764dbb5174375a9ec932f32107408c71888c99bffa68dd2abba362b42
312320|312320|1024|367|SHA256:fcebc258352fc8ab97c4fabbf35557915e824049f159e0433c1414d08f70582c
313344|313344|1024|362|SHA256:6edda949443d4b51afd480c89c119ef5b7d7ae0ec362c5912e89666d8695b6dd
314368|314368|1024|382|SHA256:356f0a547d555715acb1eac4eb27ed827a6fa5eca5b851244dcdabddf68ce344
315392|315392|1024|395|SHA256:2579c60bbd1ec817fca59896e8b0c3fdd65bd97697ec8bf162abfd4633ceb617
316416|316416|1024|382|SHA256:a1c411d1fec6f594686f3060d650aac11f53e355e9b491ef7f00ff7adab9d902
317440|317440|1024|393|SHA256:faad40ad9b54a657ed5842a58fdcdc212ddc292d5b9ea3656e6c738a00867fa0
318464|318464|1024|337|SHA256:0a193837fd50a7a1ed2a8dde55e1be3182545e3ae9ac6580589651d247fbb1aa
319488|319488|1024|364|SHA256:48ca2dbd20a6d05af6d5084ddf726e7a5556ee6ea03cf6d8e2ef250bf85b8f59
320512|320512|1024|366|SHA256:50387fc0a3d8e8d565a78de418ea4f7acdc28b804ca0284bfbf1598d4e33c48a
321536|321536|1024|349|SHA256:958f8f4299d50eff54e4cd8da5c1aaf0e7f48645cc4042b78211b772b873d691
322560|322560|1024|330|SHA256:e047f380b9055ae770bc0c3aaf32bf5758c2c937b3cbc01a93026e5065213bd4
323584|323584|1024|360|SHA256:3eb993fb8137362ca17652a1a58b623b56aa2bfdd396de7071bfb570ee9b2997
324608|324608|1024|380|SHA256:d99e224db6e3f554108f895083604a995e758c273320f5884c0afd642d55e9c2
325632|325632|1024|351|SHA256:f11054322f7fdf62d97198c6673b3961819bc214819e90f531d5029fa422824b
326656|326656|1024|368|SHA256:e46a26e3f4d3a626ee47cb680f6a5e50bb37e3374d02a6bb148dd86ea619b260
327680|327680|1024|375|SHA256:e552b4c82412d0e735656a641da4b85a2dba8176e05f740204c8329a21c2a883
328704|328704|1024|361|SHA256:98832ed7d2ae2dd3ab8cf7c184cc927abf5cbec793f33f629ac7e6a4084abf50
329728|329728|1024|411|SHA256:032cdd52469bd93be553f9d60e3b9ba6d9a5eb51ccb2707af7ec797b7cf10f6a
330752|330752|1024|384|SHA256:78b142eaccec44af43b36a198f5f88941724406df616b95b84d06a737c6f9621
331776|331776|1024|385|SHA256:3d53e9c508c453c1e62bdd2045230261dee757649da45102be255ec6b8e86f7d
332800|332800|1024|381|SHA256:4b9083d331edab5965663c490167460333bd28c1d4110ddaad23e9ea4b98f7ca
333824|333824|1024|355|SHA256:b6641765a2f3c236d5331be9fd69172f750264d0a769ceac908547f9921ead82
334848|334848|1024|330|SHA256:e8643d452a94893eb033295f0bfa5ff673feab5137c50dd97b5cd72236de94a4
335872|335872|1024|357|SHA256:99a200502a9371088cd1efe88e28fb06a860018ac2125b5320276e5675cc9787
336896|336896|1024|339|SHA256:ba2835fe5d51027cdc8070ef61c49621fdaf9ddd09c4a9bf5c905ddd24059fbb
337920|337920|1024|377|SHA256:45bcc03881a1a90491b8362e40e3405d076be5c0549fcc0cce81e1acacf74bc2
338944|338944|1024|382|SHA256:1e1bcaf90db736a6d4062184aaee944c820d083e096ecc01249ff683339c752d
339968|339968|1024|399|SHA256:89d85c28ad7e0614cbe5f37c3d03ecc88b34c8f3f624b1e9e5f3f7d2064f2968
340992|340992|1024|399|SHA256:cf09298e5df2458d05366f57a6369ebac8ff476790c28f623ee800ea76232541
342016|342016|1024|364|SHA256:86bef08350eb4cee10da24fdf8ffc9daf87702e602639911150af31014136616
343040|343040|1024|362|SHA256:ab6eec834b06f945b0b8c7c32c25e2eacd336559b49362e5a68fb0c1f5f0824b
344064|344064|1024|395|SHA256:658abbd1eeb33fe0bb913804e3505418e16062a7103b46329d2b8c10c31bfa59
345088|345088|1024|355|SHA256:bf9cf4a3ac2e5abc8041d28c58d1e53d99758adad46d510dbe8201d085a1d3ad
346112|346112|1024|419|SHA256:b9ca318f4b8d867533a279c3c03bd0e1e4cb018fdc6773c01afc012ee758e091
347136|347136|1024|369|SHA256:517b044a90e26139b1f2047f6fd6af7824fee542101926bcfedfb5498cf22ac1
348160|348160|1024|370|SHA256:7df1269b631fd018071b3f93b91fb5497e582626e7fa1e1b58a74707a2194b3b
349184|349184|1024|375|SHA256:04278517f1626ffae5b49ea4959f3792dcdce5bd77983ed3c68ad4d1a948bd7d
350208|350208|1024|358|SHA256:1eaab5d0bc9866a8e85eae807b4324071f5958d89914bd49ac7206e8a4e3aa43
351232|351232|1024|394|SHA256:38283186d839be88e95795d1542daa4d867d2b5c0e1872195d4f387783107ef8
352256|352256|1024|397|SHA256:6dbcc8cf02f3561ce7d157442ca12d41d96e28dd4d250e8445c55ab7b9b5e012
353280|353280|1024|357|SHA256:64f77bd2bc60f981dfe2ad72eae2ba1d7b5165de3c27d4d5672a001cdd5b30e8
354304|354304|1024|410|SHA256:69f953838c6411e8044163cf598bc8d53f7c55b23e35dff24dde3dd5f99af2c1
355328|355328|1024|374|SHA256:3bc93852fc96dccce0fcda99f9cc3b7d4b775dfa8dcb4eec9ad274e330dcbbcf
356352|356352|1024|350|SHA256:b1626583f100357faea51d50545eeba6d9c20a68858b4b033876ee55c0692fc4
357376|357376|1024|353|SHA256:031c29668b41a64be1d723284b9fb82f1b5318fade6e38ce27982c913195d0a9
358400|358400|1024|337|SHA256:4900e5846ba0e375ef9ed4eb212e8de91fa0121b277db9ac9e5da8bdeab21c9c
359424|359424|1024|499|SHA256:3c7d53f5bd1e07d4c8305615506cc3451b5f1169c5503a170f53fbd6b96f7afb
360448|360448|1024|365|SHA256:8eef11f288920fe42625a8044d61b0271f897e3aef89a9c657be9440dfc838cc
361472|361472|1024|381|SHA256:36ed98c4220e50ba7589966dc2de4bc70bf7a369fea8630d2bc7578de1a6c7d7
362496|362496|1024|353|SHA256:6df3d6127b011118f33fe3b167bfd57003bedfbc294d23fe2c5e1812b706575b
363520|363520|1024|310|SHA256:155908c150d6d909ae23d6c79a2694ba24a3eb54b59441a954578cd90ecaa53d
364544|364544|1024|356|SHA256:cb7c3442f42662cd36165c78e65997570c42a289ddcdd40e04be8c349295f1ed
365568|365568|1024|351|SHA256:63375de130ecb5641c639f24f30830c0de4a5125daeb7fe43acd0e8dea90b19a
366592|366592|1024|381|SHA256:b1e63571a44804e979e2ead23798abad07eafd7955b41f65ced2b660003c4f82
367616|367616|1024|371|SHA256:ed8be9e52f74e4e7e56054091e892d5aaa7522c048db09313898d1d8821e837c
368640|368640|1024|370|SHA256:87149a4130db65b69a7a3e24e0980b58c0cc16d598af3601d8d81c1ddf314dd5
369664|369664|1024|377|SHA256:d4d74cffadc07d11a0b8e6c9ee4ecd78dd2c6638418dac438a8c279f5873a3f9
370688|370688|1024|346|SHA256:5411b0d6f4ef306774a5315be8fa9bc67dbfe1077ef77944befc85ceb1ea35d2
371712|371712|1024|375|SHA256:5af8e69df683c243a55b87c56d09b98e40f306cb59848b8bb1f882c781a4b07d
372736|372736|1024|357|SHA256:23cbfd297ef68a7edb84648834341182a4d00e240b3293f14f7914d18fc65900
373760|373760|1024|353|SHA256:e991db5d4b6674c6336a978b9e54aced35ac17a90d45f543b8c21859445f1d77
374784|374784|1024|361|SHA256:a5b049a6d9fa521c5b2b2120f35147a29dc7b0adbfa1b5c68fd8e39b22129234
375808|375808|1024|428|SHA256:6b926f24957d8372e2d46cc38544cd831b21a4d34e07f0aa31cca71a5d8e25ed
376832|376832|1024|412|SHA256:be87475d166a9d5a773239c87192d38641d4638dca01923b3cda40ccb8da4046
377856|377856|1024|374|SHA256:2b389cf56efe811e7735e6f504a9c927b3451260da71b22389bc697a91e1d93d
378880|378880|1024|388|SHA256:271d0f28fca0a18fcafe59a6f5bd36d4b154dd925c880f8b5601c8d16239c1d4
379904|379904|1024|389|SHA256:c0b8c6fbacfa48bf9d15239085cab14a89d74b4a5b9ca8b39a2fc1d3c2d839bc
380928|380928|1024|318|SHA256:19f6b8129581cf952bc3372c54e2c6b5d0a8d3deb364f172189ea228beaf47ab
381952|381952|1024|369|SHA256:5ea75c1d83ece3c533b3796afeeabe44544a1a904a30203a8fcd491b824c1def
382976|382976|1024|397|SHA256:bac3279c6af1224d3d7bc5e4e590836375a06fe5daa121bba3dc94a0fa842105
384000|384000|1024|382|SHA256:e1954e709fd254a12aa3819471c268f0f9fb4f39e1d56d8cd9506d49b740c4d1
385024|385024|1024|424|SHA256:53043ddac3d5aa552531e13173c5feaf78d2a4c8f7bc084af88ed207594acf57
386048|386048|1024|409|SHA256:aff1f9618a53c6a944a5e9d22089daf9a37caa5f4d165c2c88d85438fda86626
387072|387072|1024|313|SHA256:980079fe1ed485e2f937d9373e6e0efe1976a0d2512f20e475f2b28c9d1ebf5c
388096|388096|1024|379|SHA256:4ab1f2ab8034cfc9823a1e97b7ebd69ecb2a843f3ecebf9eb655f6e10028bca0
389120|389120|1024|363|SHA256:cd60e5ba323f70422a97a91d52cff297eb6eb5a9487691029139d4903e8a2dc1
390144|390144|1024|373|SHA256:ffcaf9858dfed4dc1581c2bdc941ef2b68c59c7f9bb28c4e1de3777c743f1b33
391168|391168|1024|330|SHA256:4dcda2750abfdb548163090d3888142c6ee1fb4c25a0928cba82e45550109c25
392192|392192|1024|359|SHA256:4404bcfd8645391c2e5acc0cd458c707dcbdcaee58a1850b0b00cd91971f4995
393216|393216|1024|361|SHA256:881d673d5a21879e35ced549412d2848ea2b97d481aa6cbf8de6a18d0f02bbd5
394240|394240|1024|476|SHA256:d3f4a4e0e108fd09d1e991180f2e131e41cf11602ee39602d12005827ae785aa
395264|395264|1024|318|SHA256:3d2c92f1d3c7332c737c5947a399d3a5f21152e493b7fa41788cec5f4eb607f3
396288|396288|1024|377|SHA256:b0e3d8d856bb8d64d3d860a17576ad97dd3ba5bb8b3db80955c9804e585a71f0
397312|397312|1024|359|SHA256:60172ebed73660c1815dfc3f5954bc27c9cc5e681e88aff9360e854131396035
398336|398336|1024|384|SHA256:9b946ba3c7cc57e03791cf54131a666c199c4072bebb28a4ac0502e43e6ad7b9
399360|399360|1024|362|SHA256:12131d377fac7d622d1164c5aa4fab5fbe327663b5182564aea708f2ee715c7b
400384|400384|1024|376|SHA256:2fc90f97fdbfb73e99d165b174034371d25a2925f81c963512a7073eb4b64274
401408|401408|1024|352|SHA256:4519f6a708d31ff9d4679bc44087be313f5856bc0334c85e093e6866f3757a7a
402432|402432|1024|339|SHA256:1841f436f18dd1fc62cf15f453b61e8da79ac436a785814145419568b0abb8d7
403456|403456|1024|378|SHA256:eb76c22b5deb1bddae4e560213b7a0b4c8b18e750d13ce495f8b80993efa6dbe
404480|404480|1024|394|SHA256:31a9833a900bf85484048ed1f1264e8456c61dafc4fde45a0148b0f22bf58578
405504|405504|1024|395|SHA256:3e66313edd8b76b42915d276983f586e3effd9b4ff14fd7bb10c91d28a471ef5
406528|406528|1024|358|SHA256:f44598c272343d471ceabc9183a8175091270d693a3e278e91760bb134436054
407552|407552|1024|380|SHA256:ab5c08c0c72e177349608a30a8dfa7f53c4bde8d8d213a794cdefd5116d6e20c
408576|408576|1024|407|SHA256:84ddeb90418f5362699a45ce9c2db3d03fb54408080fa6bdf5a53fa234cf62de
409600|409600|1024|394|SHA256:d078d161128632c7b50e68c78b33f31c193d27cbec4546a104cbc020ed03e252
410624|410624|1024|366|SHA256:a4d359b98f88c4506e2d5db5f5797ad25e28be4cfa39b9e7117947e9478ba045
411648|411648|1024|337|SHA256:978d0a2c6fe097b6e01b8855d1f942e3c7b6adc315f8ac9a2ba8404f138a75da
412672|412672|1024|390|SHA256:c6dd53dcd3a06dc9993bfa1c0cea7d0abc26e577584f66de831d855fee5e8262
413696|413696|1024|369|SHA256:7d0fcdbd8e62579ffe56021524df2e01d4b2d5414a599989f360de79d8cacf68
414720|414720|1024|387|SHA256:de4705e91759d077baebcf9890d2c1458506783bf4a50ae96cc443bb88f1acaf
415744|415744|1024|411|SHA256:38574c0c480ea4fa13dd76e1358085fcc49cd701c82fd2fa313ae0072ecab880
416768|416768|1024|369|SHA256:a0a58cf1220ea774dfdec2e898a9543c4af1c4bf2c200f2ee1d9f23945a061e3
417792|417792|1024|358|SHA256:487cf687c136947da0a4a6494c1bbce90ecf6bf64e63b06ea6b52410edf03a9a
418816|418816|1024|387|SHA256:77ffee1648c31f233b6ae4099e09b5b9ea8289c402b3f884c2e963807d64f7a9
419840|419840|1024|361|SHA256:30bbe65d4410b67eac145d57c236c66bfdd99480fb6bbbde5618067ed79dfb64
420864|420864|1024|342|SHA256:d4873ee2e9549c27c40610dc3f6a396d2a4f52bc1baa471dee94d9fc2469ee5f
421888|421888|1024|365|SHA256:371d16dd374c37be7f453b6200d984db40cc5e300017aecd4574b824679f9a3a
422912|422912|1024|366|SHA256:f1b5800818508964cb87b89a784fd5ec6e6b054544b4239c6314cd118d678b0f
423936|423936|1024|363|SHA256:a337fad28d4563dfce4b96f3e275ece8e0196acce2a0e338e64c034dc499c07d
424960|424960|1024|398|SHA256:2a861e0111b8afe0497b6ec80e9b3bcd859845b58ea315dd1589e4b7d72b049b
425984|425984|1024|408|SHA256:1c0ad67da165855e331dedafa618013feb40f7438cde0d1a3bbfe6846adb5d23
427008|427008|1024|386|SHA256:c1344c17feb060e1ded64726e6d8ce6c60a4bb44b486fe189a33938a60b9e01b
428032|428032|1024|354|SHA256:98c6275699dcd944ca16f7f97472288cb964ac653c034c80975cf547f1ce1a1a
429056|429056|1024|374|SHA256:b9af1d23866de24956c88be2ea3e6ff5a6096d17774a8e3f5dd9ecfde31ae14d
430080|430080|1024|382|SHA256:d0d8fc86c029005ad607c981948374dcddfef683a71e36e25ddaf825f371d084
431104|431104|1024|367|SHA256:ccf246d8c55777e6a6f11cdeaeaa7fc701fc14ffd9591a5a0c14e71153807559
432128|432128|1024|327|SHA256:b8fe69cccdebfef0e0852de22b562762004c6ef444aa1ae99b18bb2c2cfebdf9
433152|433152|1024|345|SHA256:fb27c6b20c858266fc1a697a110568fcf053db4d811228a1b1c7fd504cf2216d
434176|434176|1024|349|SHA256:702af5e889b90e5473ff9ad33fea94c40b78c47e939d10e26c5d03919b9e7e96
435200|435200|1024|382|SHA256:2b35bbf070a9492fc76352837448930a0c478c1d473fc5ffe880bd9106d44b70
436224|436224|1024|378|SHA256:53696ddec52b62ed8e3a17c243678fd771e83bc7524953c25691356d4b9af9e1
437248|437248|1024|370|SHA256:24e7d7c2d2c28451f34ef67b9e3779b0be48a77de024e79aca4afa89b12a9dc0
438272|438272|1024|374|SHA256:337d4f93bb541c4088d358b283b5c290dc14c3f66d4c869b88e522db31484836
439296|439296|1024|392|SHA256:1dfe641fa9c6d4a1aafa752f0f241940936871ff01b8b8f201c82db3ff305f0f
440320|440320|1024|393|SHA256:6b400b3cf10cfae88d13cfc86754e42ed20c5215f5b0f48597fb26ad0d42d540
441344|441344|1024|349|SHA256:44dfca8781fd2cb20fd7e8478d3b2142be9ca10f0e5274e28d27b51710a8cefb
442368|442368|1024|345|SHA256:a903fdbf4c36331c5336305559938c54f61b0ea32a80a9a1da17dce2e9bc098b
443392|443392|1024|278|SHA256:dad732dbd07065e01ad009324fd374b200a32873326f60fb906a5454d91761f8
444416|444416|1024|427|SHA256:b23c4bc36b25e1072d5555f26b8bcdb8338b017c01ca62cc7c03ce0f361d01e7
445440|445440|1024|401|SHA256:0254f1b54162ad940619192beffa31415b5bb19ff7096e592942c0ac602232b8
446464|446464|1024|397|SHA256:f789ed0e79bb174613d8419e1bad7638d8af8026215d37a56bc9488d0f5d5e0d
447488|447488|1024|351|SHA256:b43bdc8ac79119110fa8cd026becefe3b0803debd9552f48ddbb66e9535e541d
448512|448512|1024|404|SHA256:472abeb2e601f5b3896a5e724141fa6c14164447fd3dfe7dc529525ddd69c29f
449536|449536|1024|401|SHA256:955dbbdbf9d7b0dcd98fe613ee1e694cca4f83c4742618ad968ddd80e361dce4
450560|450560|1024|361|SHA256:1dbeccdac64545dbf44a35254f5d09e9322cf2a646f6ecdc023d67bbdea1348b
451584|451584|1024|408|SHA256:995f2d71ee1afef201059169c78ca486f2311ecb0cb04456f0ae04045aa99d62
452608|452608|1024|385|SHA256:338c02459abf098efd39b27e48d024e7ed936bc2d0e59c4b25335b20c820d4a7
453632|453632|1024|410|SHA256:ed5f64d20bea1b773f8e4b17e805fe95078fc532d7b8257a71a5d20e03bb4f38
454656|454656|1024|372|SHA256:c427bb4ab9dbe00cdf2487bd00099459db754a012dd34fd7db0a06f88a3c6c47
455680|455680|1024|360|SHA256:d6de7807fb62845f132139e7ea0fd1b01c4d36b6c1a13f8ef028fcb6973a7e14
456704|456704|1024|378|SHA256:4cb46df94bbca4b3ef997202ee0fd839a68790493b057442bd509e0a2ce45dfc
457728|457728|1024|360|SHA256:94fe9146ed36c61a3628bb46b8d5027a176cf2b8f585d9a78e382452912c34c2
458752|458752|1024|322|SHA256:9bed2bb92ebcab0c276290d8f472b96597a3424fd1e0633ee5724e6cb3653070
459776|459776|1024|371|SHA256:5b81d212d66e1890c87159c7118334b6663cb477256f7b4cf06459b8a1bc849a
460800|460800|1024|378|SHA256:0239b72763479b2d8095f05d3f959dd61edce13fbf118f249c350e9322055b96
461824|461824|1024|362|SHA256:dde5c63b060bde464242194f5eeae78dc552d6f89617225a9db905b2749d893d
462848|462848|1024|389|SHA256:8a3bde40c1ac88e2f53e1bfc4cccb25b41a95ac24079e541184170e0adce9c0f
463872|463872|1024|332|SHA256:12b6de451511cd8f7ff4a61a2422ef72af7fbce540c417fe62b7fe6df6d50a0f
464896|464896|1024|366|SHA256:6a9af0ae72d8e7755d9317d2410877bcacd5e0d93a1823d4003df9347e5aaa48
465920|465920|1024|378|SHA256:c03faabe01ae62820c59317e39420cade56c5a3b23c76d8eecbca5038043ac84
466944|466944|1024|367|SHA256:333e67530c4fe7cd5b7b05043b3da3f220945ec750bdd2ac3ccec566b7be5a71
467968|467968|1024|415|SHA256:0e6a12a9879776304aeb9f027890c8ad9761b83ae9e6cc25061dc11dfe87c5ab
468992|468992|1024|372|SHA256:ddecd3f0e72e4eaf375c2172481cb79f8be53a7f822a0c1e6eac18a1e97f7e7c
470016|470016|1024|376|SHA256:b6afbb06f5b66ab0e27c47c304e7e810ffc6e8b438b64a82de415f440ca265f3
471040|471040|1024|389|SHA256:e94d0c3267474ef99fcc0b1ebf50a17395d8c23da50c61a250f2f6c6ff1d41ef
472064|472064|1024|373|SHA256:14cab5f26f9eebca93904ee8f35e6a84c9b346543c446940d1b106ea1ea03370
473088|473088|1024|343|SHA256:a81da471921da89010e32262fa7b84e91065d1983d8b8c156fa8b7e7782825b6
474112|474112|1024|344|SHA256:fbe6cc7641c4b33e9df0c60f99e32dc8451c21007f0cea836a2b55879645306a
475136|475136|1024|367|SHA256:268c7eec7de844849f1656aec9aefa4031de7a3d1e9f4d54216e5b665a57aee2
476160|476160|1024|336|SHA256:4370cab62e90dc9bdace7a553ab6141d83f860bf6ec3d2cc471ebbe910bafb91
477184|477184|1024|434|SHA256:5d809db703ec1c004c63780af549e7750342076f01fc4f1622f943ca2317a81e
478208|478208|1024|360|SHA256:5784638014c319497dd73b7827aa63ed9563bf03bcd35cfc6b643b961009e745
479232|479232|1024|368|SHA256:68c8cdeb532869931f113f8f32509a5cedb9d3e89b061769cfcc7c7936239518
480256|480256|1024|370|SHA256:a073aa8e0b57cf20a78cfd2b87166d7dbe94ce2332181bbb2de8d6b1c739b855
481280|481280|1024|357|SHA256:c8018534e09336729d164c301ca979272aa9360c14478fb5f1647501c73635ae
482304|482304|1024|384|SHA256:515ba9dc812395038441cfcce46b1f3b7e023be278325cb5117dbc0df2b80b7b
483328|483328|1024|342|SHA256:d0677ac54d05a5db20f71f69caf2d22f384af7b6b90963e4448bdba28bda37eb
484352|484352|1024|500|SHA256:40e769eab0dfb63e562155011f3a9f070040f42754efe07da971b881690d5108
485376|485376|1024|513|SHA256:d46d15e790d1eec521bf77ffc183d6977560f8c65bc7c092b4eb3627897cd835
486400|486400|1024|475|SHA256:f60ea18a3be137f3df28d893871dbf4486ca0107b6eda84d2c15bc08dc263097
487424|487424|1024|457|SHA256:1d963230705ac1271cd5a2a171f14c5b3a2aa532c841cdfbb5ec0800f2c48f23
488448|488448|1024|7|SHA256:8a3734dbcb6f4f91174047b0e347cbbd65a57aca20511f53b8488f8da10ff600
